hepscore
Intel(R) Xeon(R) Platinum 8360Y CPU @ 2.40GHz
1832.5958 144.0
1890.0658 144.0
1845.6669 144.0
1868.5952 144.0
1520.0138 72.0
1541.7449 72.0
1507.5033 72.0
1497.3448 72.0
AMD EPYC 7302 16-Core Processor
1113.2136 64.0
1112.6517 64.0
1111.4261 64.0
1112.5142 64.0
1113.1737 64.0
1112.5375 64.0
1111.6252 64.0
1111.1314 64.0
1111.9572 64.0
1112.0855 64.0
1112.6244 64.0
1111.6339 64.0
1113.2382 64.0
1111.1746 64.0
1112.0172 64.0
1111.9754 64.0
1112.669 64.0
1112.2684 64.0
1112.1371 64.0
1111.9213 64.0
1112.0468 64.0
1110.798 64.0
1112.4948 64.0
1111.7129 64.0
1112.3191 64.0
1111.2422 64.0
1111.2921 64.0
1111.495 64.0
1112.2193 64.0
1112.5228 64.0
1112.8824 64.0
1112.6596 64.0
1111.5713 64.0
1112.6884 64.0
1112.2135 64.0
1111.7777 64.0
1110.9838 64.0
1112.4203 64.0
1112.2104 64.0
1112.3416 64.0
1113.5919 64.0
1110.0797 64.0
1112.1468 64.0
1110.3496 64.0
1112.0637 64.0
1111.8711 64.0
1112.2472 64.0
1112.158 64.0
1110.799 64.0
1111.857 64.0
1112.354 64.0
1111.9241 64.0
1110.2314 64.0
1111.3346 64.0
1109.7784 64.0
1112.1885 64.0
1110.2814 64.0
1112.0788 64.0
1111.4546 64.0
1111.0732 64.0
1111.9851 64.0
1112.3097 64.0
1112.6837 64.0
1111.2472 64.0
1112.7531 64.0
1097.1822 64.0
1111.8707 64.0
1112.267 64.0
1111.328 64.0
1112.9215 64.0
1110.4666 64.0
1113.4462 64.0
1113.1142 64.0
1111.5986 64.0
1113.1716 64.0
1110.8837 64.0
1111.5844 64.0
1111.5539 64.0
1111.9662 64.0
1111.8224 64.0
1111.9651 64.0
1111.511 64.0
1111.7854 64.0
1111.6872 64.0
1111.7624 64.0
1112.4727 64.0
1112.0872 64.0
1113.1296 64.0
1112.4429 64.0
1112.7074 64.0
1112.5212 64.0
1113.1998 64.0
1111.8166 64.0
1112.1489 64.0
1112.1895 64.0
1113.1577 64.0
1111.1741 64.0
1112.3365 64.0
1112.0329 64.0
1112.3915 64.0
1111.8385 64.0
1112.0155 64.0
1111.4948 64.0
1112.7277 64.0
1111.3363 64.0
1111.5548 64.0
1112.1212 64.0
1111.8584 64.0
1111.8555 64.0
1113.5572 64.0
1111.1947 64.0
1112.8943 64.0
1112.886 64.0
1113.3128 64.0
1109.5499 64.0
1110.1245 64.0
1112.7631 64.0
1111.7872 64.0
1112.277 64.0
1111.4838 64.0
1112.5428 64.0
1111.3677 64.0
1111.7096 64.0
1112.4584 64.0
1113.138 64.0
1110.5273 64.0
1112.5371 64.0
1112.9335 64.0
1111.5082 64.0
1111.9625 64.0
1112.5071 64.0
1112.1495 64.0
1111.5697 64.0
1112.3949 64.0
1112.5337 64.0
1110.4124 64.0
1110.7218 64.0
1109.9174 64.0
1112.1168 64.0
1113.2936 64.0
1110.4846 64.0
1110.5575 64.0
1111.2356 64.0
1112.5398 64.0
1112.133 64.0
1111.7008 64.0
1112.7263 64.0
1113.1553 64.0
1123.1205 64.0
1111.9585 64.0
1111.8741 64.0
1110.8694 64.0
1114.1353 64.0
1112.3955 64.0
1111.2818 64.0
1111.4793 64.0
1111.1197 64.0
1111.6104 64.0
1111.1697 64.0
1111.0042 64.0
1112.328 64.0
1111.9094 64.0
1111.1895 64.0
1111.9668 64.0
1111.1645 64.0
1112.022 64.0
1112.7847 64.0
1111.7466 64.0
1110.0606 64.0
1111.1983 64.0
1112.2251 64.0
1113.2794 64.0
1112.039 64.0
1111.7956 64.0
1113.3679 64.0
1112.4005 64.0
1111.2582 64.0
1112.7839 64.0
1087.4655 64.0
1109.7041 64.0
876.1467 32.0
hs06
Intel(R) Xeon(R) Platinum 8360Y CPU @ 2.40GHz
1960.516 144.0
2010.07 144.0
1984.063 144.0
2009.234 144.0
1873.964 72.0
1881.583 72.0
1839.267 72.0
1839.068 72.0
AMD EPYC 7302 16-Core Processor
1242.568 64.0
1240.626 64.0
1242.37 64.0
1242.244 64.0
1238.935 64.0
1237.604 64.0
1238.973 64.0
1248.373 64.0
1244.469 64.0
1244.225 64.0
1247.398 64.0
1241.027 64.0
1234.354 64.0
1240.931 64.0
1239.105 64.0
1250.138 64.0
1245.123 64.0
1244.204 64.0
1245.422 64.0
1246.215 64.0
1248.856 64.0
1244.748 64.0
1242.758 64.0
1234.698 64.0
1247.088 64.0
1239.941 64.0
1238.762 64.0
1247.047 64.0
1242.615 64.0
1243.134 64.0
1243.818 64.0
1245.988 64.0
1233.66 64.0
1241.295 64.0
1237.508 64.0
1240.803 64.0
1238.857 64.0
1248.882 64.0
1244.901 64.0
1241.984 64.0
1241.917 64.0
1242.555 64.0
1246.276 64.0
1249.138 64.0
1245.719 64.0
1242.919 64.0
1249.299 64.0
1242.391 64.0
1241.646 64.0
1244.382 64.0
1246.988 64.0
1245.287 64.0
1234.649 64.0
1231.179 64.0
1240.522 64.0
1239.543 64.0
1245.006 64.0
1245.105 64.0
1240.205 64.0
1247.907 64.0
1240.436 64.0
1242.563 64.0
1246.576 64.0
1232.82 64.0
1231.886 64.0
1232.885 64.0
1246.579 64.0
1244.491 64.0
1240.244 64.0
1248.0 64.0
1237.613 64.0
1239.198 64.0
1242.761 64.0
1238.207 64.0
1247.809 64.0
1243.334 64.0
1237.615 64.0
1240.259 64.0
1239.156 64.0
1237.132 64.0
1239.619 64.0
1240.47 64.0
1240.007 64.0
1242.862 64.0
1247.963 64.0
1249.448 64.0
1246.168 64.0
1248.375 64.0
1243.129 64.0
1246.334 64.0
1248.617 64.0
1243.422 64.0
1238.427 64.0
1233.822 64.0
1243.547 64.0
1242.793 64.0
1241.533 64.0
1248.094 64.0
1242.3 64.0
1238.657 64.0
1237.908 64.0
1244.274 64.0
1246.122 64.0
1241.65 64.0
1243.217 64.0
1239.549 64.0
1249.281 64.0
1242.213 64.0
1243.15 64.0
1240.17 64.0
1244.093 64.0
1239.439 64.0
1239.219 64.0
1238.801 64.0
1243.627 64.0
1251.948 64.0
1245.798 64.0
1241.854 64.0
1241.899 64.0
1243.596 64.0
1242.736 64.0
1238.229 64.0
1238.1 64.0
1244.065 64.0
1238.825 64.0
1240.779 64.0
1246.973 64.0
1242.462 64.0
1246.413 64.0
1244.731 64.0
1240.911 64.0
1240.632 64.0
1241.571 64.0
1238.004 64.0
1252.417 64.0
1235.219 64.0
1240.544 64.0
1240.258 64.0
1245.954 64.0
1247.698 64.0
1245.638 64.0
1238.552 64.0
1240.737 64.0
1241.183 64.0
1238.351 64.0
1240.369 64.0
1242.272 64.0
1243.164 64.0
1252.148 64.0
1249.986 64.0
1243.89 64.0
1241.468 64.0
1238.54 64.0
1237.292 64.0
1239.592 64.0
1238.057 64.0
1247.428 64.0
1240.66 64.0
1244.488 64.0
1238.696 64.0
1240.87 64.0
1241.501 64.0
1241.851 64.0
1237.131 64.0
1247.227 64.0
1242.35 64.0
1246.117 64.0
1244.163 64.0
1243.016 64.0
1247.948 64.0
1251.237 64.0
1244.302 64.0
1244.579 64.0
1238.114 64.0
1242.6 64.0
1242.714 64.0
1245.436 64.0
1243.756 64.0
1227.493 64.0
1231.875 64.0
945.548 32.0
