atlas_gen
Intel(R) Xeon(R) CPU E5-2630 v3 @ 2.40GHz
387.4303 32.0
380.0519 32.0
385.0079 32.0
384.7651 32.0
377.1454 32.0
387.6639 32.0
383.3149 32.0
386.2739 32.0
388.0759 32.0
384.5363 32.0
382.8084 32.0
380.81 32.0
379.0786 32.0
384.8701 32.0
380.7881 32.0
378.4468 32.0
384.0205 32.0
389.7198 32.0
377.5396 32.0
384.032 32.0
379.3209 32.0
392.5357 32.0
380.8457 32.0
376.7005 32.0
403.0062 32.0
385.7934 32.0
382.5707 32.0
380.3942 32.0
393.3169 32.0
383.3366 32.0
384.8781 32.0
386.0388 32.0
377.3613 32.0
381.3202 32.0
383.8773 32.0
381.1219 32.0
379.1733 32.0
379.0067 32.0
381.2868 32.0
386.2519 32.0
374.4922 32.0
405.1387 32.0
383.7849 32.0
385.2837 32.0
386.1146 32.0
385.5709 32.0
377.102 32.0
396.8417 32.0
390.9361 32.0
396.7292 32.0
384.8586 32.0
381.4632 32.0
377.931 32.0
384.7502 32.0
381.8461 32.0
388.657 32.0
380.4909 32.0
382.063 32.0
384.1673 32.0
378.2049 32.0
390.8597 32.0
384.8517 32.0
385.5699 32.0
380.7793 32.0
378.8051 32.0
386.2826 32.0
385.9286 32.0
380.0481 32.0
382.5789 32.0
394.8244 32.0
378.5087 32.0
379.2111 32.0
379.447 32.0
379.4945 32.0
384.9816 32.0
384.2126 32.0
387.6172 32.0
390.1314 32.0
432.6281 32.0
380.893 32.0
383.0796 32.0
378.3552 32.0
382.8013 32.0
392.3603 32.0
380.7226 32.0
381.2074 32.0
379.8693 32.0
386.8943 32.0
376.18 32.0
384.8327 32.0
380.122 32.0
377.6108 32.0
383.375 32.0
383.7783 32.0
382.7541 32.0
384.1374 32.0
386.4371 32.0
379.9679 32.0
383.0734 32.0
378.1401 32.0
392.0538 32.0
390.6202 32.0
384.0803 32.0
381.0813 32.0
385.4659 32.0
392.1492 32.0
381.2122 32.0
378.7987 32.0
378.6919 32.0
383.1696 32.0
380.9502 32.0
384.4724 32.0
382.6276 32.0
380.07 32.0
383.4602 32.0
379.9839 32.0
383.6078 32.0
380.4281 32.0
384.2232 32.0
383.8672 32.0
385.0639 32.0
383.941 32.0
384.5914 32.0
383.023 32.0
407.0089 32.0
385.8782 32.0
378.4068 32.0
384.1245 32.0
386.8019 32.0
385.2595 32.0
387.6624 32.0
380.5587 32.0
386.182 32.0
385.8689 32.0
383.1524 32.0
380.6114 32.0
378.431 32.0
380.9406 32.0
381.5982 32.0
400.25 32.0
386.0543 32.0
390.0797 32.0
380.5476 32.0
380.4144 32.0
381.3215 32.0
382.8767 32.0
404.7203 32.0
381.6999 32.0
389.5807 32.0
414.2074 32.0
415.5505 32.0
394.2239 32.0
385.3855 32.0
382.7074 32.0
402.5709 32.0
388.3335 32.0
382.5691 32.0
378.4142 32.0
383.8363 32.0
384.7374 32.0
384.2353 32.0
380.413 32.0
382.9208 32.0
400.7936 32.0
380.3533 32.0
378.3859 32.0
378.0107 32.0
391.5738 32.0
403.7941 32.0
394.7066 32.0
400.769 32.0
380.5379 32.0
377.904 32.0
394.7384 32.0
379.3204 32.0
388.253 32.0
387.2687 32.0
382.6126 32.0
382.23 32.0
383.5814 32.0
383.5219 32.0
387.0752 32.0
380.8689 32.0
381.2174 32.0
381.3302 32.0
386.3305 32.0
378.3511 32.0
381.4973 32.0
410.6743 32.0
386.0961 32.0
385.7974 32.0
381.453 32.0
380.8567 32.0
383.6637 32.0
379.2916 32.0
382.3501 32.0
388.0872 32.0
380.7141 32.0
380.0239 32.0
382.3123 32.0
382.0506 32.0
378.6476 32.0
382.9273 32.0
381.8864 32.0
383.1666 32.0
382.4711 32.0
392.4133 32.0
384.8492 32.0
382.1281 32.0
383.7956 32.0
385.0106 32.0
378.6498 32.0
378.3669 32.0
383.8443 32.0
384.6778 32.0
383.3243 32.0
382.4974 32.0
383.6461 32.0
387.3291 32.0
380.2487 32.0
385.7339 32.0
381.0385 32.0
398.0137 32.0
404.1831 32.0
388.0801 32.0
379.191 32.0
394.8542 32.0
394.5849 32.0
388.2286 32.0
385.2047 32.0
384.7575 32.0
386.2235 32.0
405.2627 32.0
384.0775 32.0
388.2662 32.0
384.7264 32.0
385.654 32.0
383.1581 32.0
379.7577 32.0
379.3192 32.0
385.611 32.0
380.0782 32.0
388.0026 32.0
394.1923 32.0
383.972 32.0
387.6849 32.0
380.5754 32.0
383.4611 32.0
atlas_sim
Intel(R) Xeon(R) CPU E5-2630 v3 @ 2.40GHz
0.0641 32.0
0.0639 32.0
0.0643 32.0
0.0641 32.0
0.064 32.0
0.064 32.0
0.0641 32.0
0.0641 32.0
0.0642 32.0
0.0641 32.0
0.0641 32.0
0.0641 32.0
0.0641 32.0
0.064 32.0
0.0639 32.0
0.064 32.0
0.0643 32.0
0.0642 32.0
0.0639 32.0
0.0642 32.0
0.064 32.0
0.0639 32.0
0.0641 32.0
0.064 32.0
0.0639 32.0
0.064 32.0
0.0641 32.0
0.0643 32.0
0.0642 32.0
0.0641 32.0
0.0641 32.0
0.064 32.0
0.064 32.0
0.0642 32.0
0.0638 32.0
0.0637 32.0
0.0642 32.0
0.064 32.0
0.0637 32.0
0.064 32.0
0.064 32.0
0.0641 32.0
0.0641 32.0
0.0641 32.0
0.0639 32.0
0.0641 32.0
0.064 32.0
0.064 32.0
0.0641 32.0
0.0638 32.0
0.0641 32.0
0.0641 32.0
0.0642 32.0
0.0642 32.0
0.064 32.0
0.0639 32.0
0.064 32.0
0.064 32.0
0.0639 32.0
0.0643 32.0
0.0641 32.0
0.0639 32.0
0.064 32.0
0.064 32.0
0.0641 32.0
0.0641 32.0
0.0642 32.0
0.0638 32.0
0.0642 32.0
0.0642 32.0
0.0639 32.0
0.0639 32.0
0.0642 32.0
0.0642 32.0
0.0639 32.0
0.064 32.0
0.0642 32.0
0.0641 32.0
0.064 32.0
0.0642 32.0
0.0639 32.0
0.0642 32.0
0.0641 32.0
0.064 32.0
0.0641 32.0
0.064 32.0
0.0641 32.0
0.0643 32.0
0.0642 32.0
0.0639 32.0
0.0641 32.0
0.0638 32.0
0.0641 32.0
0.0643 32.0
0.0641 32.0
0.0639 32.0
0.0641 32.0
0.0639 32.0
0.064 32.0
0.064 32.0
0.0642 32.0
0.0641 32.0
0.0642 32.0
0.0639 32.0
0.064 32.0
0.0642 32.0
0.0639 32.0
0.0641 32.0
0.0641 32.0
0.064 32.0
0.0642 32.0
0.064 32.0
0.0639 32.0
0.0641 32.0
0.0642 32.0
0.0641 32.0
0.0643 32.0
0.0641 32.0
0.0639 32.0
0.0641 32.0
0.0641 32.0
0.0642 32.0
0.0641 32.0
0.0641 32.0
0.064 32.0
0.064 32.0
0.0641 32.0
0.0639 32.0
0.064 32.0
0.0642 32.0
0.0641 32.0
0.0638 32.0
0.0642 32.0
0.064 32.0
0.0641 32.0
0.0644 32.0
0.0639 32.0
0.0642 32.0
0.0639 32.0
0.0641 32.0
0.0639 32.0
0.0641 32.0
0.0638 32.0
0.0643 32.0
0.064 32.0
0.0641 32.0
0.0641 32.0
0.0642 32.0
0.0641 32.0
0.0642 32.0
0.0638 32.0
0.0642 32.0
0.0641 32.0
0.064 32.0
0.0641 32.0
0.064 32.0
0.064 32.0
0.064 32.0
0.0641 32.0
0.0639 32.0
0.0641 32.0
0.0641 32.0
0.064 32.0
0.0639 32.0
0.0641 32.0
0.064 32.0
0.0642 32.0
0.0643 32.0
0.0643 32.0
0.064 32.0
0.0639 32.0
0.0639 32.0
0.0638 32.0
0.0639 32.0
0.0639 32.0
0.0643 32.0
0.0639 32.0
0.064 32.0
0.0643 32.0
0.0643 32.0
0.0639 32.0
0.0641 32.0
0.064 32.0
0.0642 32.0
0.0638 32.0
0.0641 32.0
0.0641 32.0
0.064 32.0
0.0641 32.0
0.0641 32.0
0.0642 32.0
0.0641 32.0
0.064 32.0
0.064 32.0
0.0642 32.0
0.0638 32.0
0.0638 32.0
0.0642 32.0
0.0641 32.0
0.0641 32.0
0.0639 32.0
0.0642 32.0
0.064 32.0
0.0642 32.0
0.0642 32.0
0.0643 32.0
0.0641 32.0
0.064 32.0
0.0638 32.0
0.0642 32.0
0.0642 32.0
0.064 32.0
0.0637 32.0
0.0639 32.0
0.064 32.0
0.0641 32.0
0.0638 32.0
0.0642 32.0
0.0642 32.0
0.064 32.0
0.0641 32.0
0.0641 32.0
0.0642 32.0
0.0642 32.0
0.0642 32.0
0.064 32.0
0.064 32.0
0.064 32.0
0.0639 32.0
0.0641 32.0
0.0641 32.0
0.0642 32.0
0.0641 32.0
0.0638 32.0
0.0642 32.0
0.0641 32.0
0.0642 32.0
0.0638 32.0
0.064 32.0
0.064 32.0
0.064 32.0
0.0641 32.0
0.0639 32.0
0.0644 32.0
0.0639 32.0
0.0641 32.0
0.0642 32.0
0.0642 32.0
cms_gen_sim
Intel(R) Xeon(R) CPU E5-2630 v3 @ 2.40GHz
0.7611 32.0
0.7302 32.0
0.7243 32.0
0.7289 32.0
0.7244 32.0
0.7265 32.0
0.7254 32.0
0.7256 32.0
0.7268 32.0
0.7243 32.0
0.7233 32.0
0.7246 32.0
0.7248 32.0
0.7268 32.0
0.7308 32.0
0.725 32.0
0.7256 32.0
0.7283 32.0
0.7252 32.0
0.7234 32.0
0.7257 32.0
0.7277 32.0
0.7247 32.0
0.7277 32.0
0.7251 32.0
0.7267 32.0
0.7268 32.0
0.7249 32.0
0.7302 32.0
0.7255 32.0
0.7284 32.0
0.7272 32.0
0.7255 32.0
0.726 32.0
0.7259 32.0
0.7252 32.0
0.7272 32.0
0.7267 32.0
0.7322 32.0
0.7232 32.0
0.728 32.0
0.7229 32.0
0.7278 32.0
0.727 32.0
0.7287 32.0
0.7283 32.0
0.7271 32.0
0.7253 32.0
0.725 32.0
0.7266 32.0
0.7261 32.0
0.7264 32.0
0.7233 32.0
0.728 32.0
0.7246 32.0
0.725 32.0
0.7234 32.0
0.7289 32.0
0.7223 32.0
0.7215 32.0
0.7265 32.0
0.7277 32.0
0.7236 32.0
0.7225 32.0
0.7262 32.0
0.7247 32.0
0.7257 32.0
0.725 32.0
0.7264 32.0
0.7259 32.0
0.728 32.0
0.726 32.0
0.7232 32.0
0.7256 32.0
0.7261 32.0
0.7277 32.0
0.7248 32.0
0.7245 32.0
0.7299 32.0
0.7268 32.0
0.7269 32.0
0.7253 32.0
0.7232 32.0
0.7302 32.0
0.7247 32.0
0.7297 32.0
0.7286 32.0
0.7282 32.0
0.7333 32.0
0.7298 32.0
0.7284 32.0
0.7291 32.0
0.7249 32.0
0.7299 32.0
0.7273 32.0
0.7237 32.0
0.7249 32.0
0.7224 32.0
0.7273 32.0
0.7278 32.0
0.724 32.0
0.7253 32.0
0.7242 32.0
0.7293 32.0
0.7271 32.0
0.7252 32.0
0.7243 32.0
0.7268 32.0
0.7286 32.0
0.7242 32.0
0.7276 32.0
0.7232 32.0
0.7247 32.0
0.7272 32.0
0.7278 32.0
0.7258 32.0
0.7265 32.0
0.7266 32.0
0.7296 32.0
0.7237 32.0
0.7264 32.0
0.7263 32.0
0.7229 32.0
0.728 32.0
0.7238 32.0
0.7298 32.0
0.7266 32.0
0.7271 32.0
0.7255 32.0
0.7274 32.0
0.7265 32.0
0.7258 32.0
0.7261 32.0
0.7264 32.0
0.7293 32.0
0.7243 32.0
0.7294 32.0
0.7243 32.0
0.7222 32.0
0.7277 32.0
0.7239 32.0
0.7273 32.0
0.7228 32.0
0.7263 32.0
0.7326 32.0
0.7308 32.0
0.7254 32.0
0.7279 32.0
0.7228 32.0
0.7265 32.0
0.7231 32.0
0.7289 32.0
0.7283 32.0
0.7235 32.0
0.7263 32.0
0.727 32.0
0.726 32.0
0.7284 32.0
0.7279 32.0
0.7294 32.0
0.7272 32.0
0.7286 32.0
0.7302 32.0
0.7236 32.0
0.7281 32.0
0.7285 32.0
0.7262 32.0
0.7291 32.0
0.7248 32.0
0.7262 32.0
0.7239 32.0
0.7246 32.0
0.7234 32.0
0.722 32.0
0.7254 32.0
0.7297 32.0
0.7219 32.0
0.7255 32.0
0.728 32.0
0.7274 32.0
0.7299 32.0
0.7234 32.0
0.7258 32.0
0.727 32.0
0.7233 32.0
0.7261 32.0
0.7254 32.0
0.7232 32.0
0.7232 32.0
0.7273 32.0
0.7274 32.0
0.7264 32.0
0.7276 32.0
0.7288 32.0
0.7263 32.0
0.7268 32.0
0.728 32.0
0.722 32.0
0.728 32.0
0.7261 32.0
0.7286 32.0
0.7271 32.0
0.7232 32.0
0.7268 32.0
0.7266 32.0
0.728 32.0
0.7272 32.0
0.7295 32.0
0.7269 32.0
0.7248 32.0
0.7257 32.0
0.7212 32.0
0.7227 32.0
0.7242 32.0
0.73 32.0
0.7234 32.0
0.7255 32.0
0.7294 32.0
0.7279 32.0
0.7254 32.0
0.7255 32.0
0.7242 32.0
0.727 32.0
0.7261 32.0
0.7282 32.0
0.7244 32.0
0.7284 32.0
0.7265 32.0
0.7254 32.0
0.7289 32.0
0.724 32.0
0.7275 32.0
0.7273 32.0
0.7266 32.0
0.7212 32.0
0.7292 32.0
0.7256 32.0
0.7259 32.0
0.73 32.0
0.7275 32.0
0.7268 32.0
0.7274 32.0
0.7277 32.0
0.7292 32.0
0.7275 32.0
0.731 32.0
0.731 32.0
0.7239 32.0
cms_digi
Intel(R) Xeon(R) CPU E5-2630 v3 @ 2.40GHz
3.6329 32.0
3.5691 32.0
3.5824 32.0
3.5701 32.0
3.5814 32.0
3.5929 32.0
3.5648 32.0
3.5864 32.0
3.5637 32.0
3.5843 32.0
3.5615 32.0
3.5593 32.0
3.5739 32.0
3.5936 32.0
3.5939 32.0
3.5879 32.0
3.5919 32.0
3.5884 32.0
3.5905 32.0
3.5694 32.0
3.5661 32.0
3.5793 32.0
3.566 32.0
3.5947 32.0
3.5792 32.0
3.5723 32.0
3.5569 32.0
3.6008 32.0
3.5691 32.0
3.6014 32.0
3.5684 32.0
3.583 32.0
3.5786 32.0
3.5807 32.0
3.5762 32.0
3.5672 32.0
3.5904 32.0
3.5914 32.0
3.574 32.0
3.5862 32.0
3.5774 32.0
3.5876 32.0
3.5761 32.0
3.5873 32.0
3.5903 32.0
3.574 32.0
3.602 32.0
3.5902 32.0
3.5825 32.0
3.5926 32.0
3.5583 32.0
3.5954 32.0
3.5706 32.0
3.5761 32.0
3.5693 32.0
3.6005 32.0
3.5841 32.0
3.58 32.0
3.5819 32.0
3.579 32.0
3.5749 32.0
3.5989 32.0
3.5934 32.0
3.573 32.0
3.5933 32.0
3.5836 32.0
3.5814 32.0
3.5706 32.0
3.5991 32.0
3.5784 32.0
3.584 32.0
3.5803 32.0
3.5691 32.0
3.5858 32.0
3.5674 32.0
3.5685 32.0
3.5681 32.0
3.586 32.0
3.5884 32.0
3.5845 32.0
3.6058 32.0
3.5696 32.0
3.5685 32.0
3.5762 32.0
3.6035 32.0
3.5796 32.0
3.575 32.0
3.5917 32.0
3.582 32.0
3.6072 32.0
3.5995 32.0
3.5888 32.0
3.5734 32.0
3.5579 32.0
3.5706 32.0
3.5758 32.0
3.5817 32.0
3.5767 32.0
3.5624 32.0
3.5777 32.0
3.602 32.0
3.5817 32.0
3.5926 32.0
3.6003 32.0
3.5818 32.0
3.5982 32.0
3.5826 32.0
3.5752 32.0
3.5817 32.0
3.5788 32.0
3.5986 32.0
3.592 32.0
3.5792 32.0
3.5822 32.0
3.5743 32.0
3.5632 32.0
3.5843 32.0
3.5888 32.0
3.5684 32.0
3.5755 32.0
3.5956 32.0
3.58 32.0
3.5644 32.0
3.5577 32.0
3.5958 32.0
3.5758 32.0
3.5807 32.0
3.5753 32.0
3.5725 32.0
3.5869 32.0
3.574 32.0
3.5725 32.0
3.5823 32.0
3.5808 32.0
3.5972 32.0
3.5935 32.0
3.585 32.0
3.583 32.0
3.5803 32.0
3.5794 32.0
3.5681 32.0
3.5953 32.0
3.5689 32.0
3.5666 32.0
3.5725 32.0
3.5667 32.0
3.5707 32.0
3.5828 32.0
3.5651 32.0
3.5817 32.0
3.5714 32.0
3.5858 32.0
3.5996 32.0
3.5653 32.0
3.5754 32.0
3.5947 32.0
3.5808 32.0
3.5864 32.0
3.5699 32.0
3.588 32.0
3.5763 32.0
3.5661 32.0
3.5582 32.0
3.5754 32.0
3.5762 32.0
3.5958 32.0
3.5597 32.0
3.5697 32.0
3.5761 32.0
3.5791 32.0
3.5781 32.0
3.5752 32.0
3.5913 32.0
3.5855 32.0
3.5791 32.0
3.5698 32.0
3.564 32.0
3.598 32.0
3.5781 32.0
3.5751 32.0
3.5748 32.0
3.586 32.0
3.5814 32.0
3.5594 32.0
3.5716 32.0
3.5865 32.0
3.6041 32.0
3.5737 32.0
3.5783 32.0
3.5759 32.0
3.5669 32.0
3.573 32.0
3.5764 32.0
3.583 32.0
3.5761 32.0
3.5737 32.0
3.5789 32.0
3.577 32.0
3.568 32.0
3.5861 32.0
3.5935 32.0
3.5572 32.0
3.574 32.0
3.5788 32.0
3.5853 32.0
3.5554 32.0
3.5789 32.0
3.5729 32.0
3.567 32.0
3.5941 32.0
3.5691 32.0
3.5767 32.0
3.5912 32.0
3.5847 32.0
3.5789 32.0
3.5912 32.0
3.5867 32.0
3.5841 32.0
3.5694 32.0
3.5662 32.0
3.5734 32.0
3.5778 32.0
3.5908 32.0
3.5857 32.0
3.5868 32.0
3.5864 32.0
3.5864 32.0
3.5866 32.0
3.5852 32.0
3.5508 32.0
3.5724 32.0
3.5707 32.0
3.5657 32.0
3.5694 32.0
3.5836 32.0
3.5609 32.0
3.5529 32.0
3.5852 32.0
3.5798 32.0
3.5847 32.0
3.5753 32.0
3.5827 32.0
3.5764 32.0
3.5968 32.0
3.5903 32.0
3.5807 32.0
3.5813 32.0
3.5553 32.0
cms_reco
Intel(R) Xeon(R) CPU E5-2630 v3 @ 2.40GHz
2.1958 32.0
2.199 32.0
2.1976 32.0
2.195 32.0
2.1901 32.0
2.1917 32.0
2.1985 32.0
2.2005 32.0
2.1906 32.0
2.192 32.0
2.1987 32.0
2.1955 32.0
2.1997 32.0
2.1997 32.0
2.1991 32.0
2.1997 32.0
2.1928 32.0
2.1989 32.0
2.1919 32.0
2.1935 32.0
2.1986 32.0
2.1978 32.0
2.1947 32.0
2.1975 32.0
2.199 32.0
2.195 32.0
2.2015 32.0
2.1934 32.0
2.1945 32.0
2.1966 32.0
2.1944 32.0
2.1983 32.0
2.1928 32.0
2.1891 32.0
2.1975 32.0
2.1942 32.0
2.2006 32.0
2.1979 32.0
2.1996 32.0
2.2018 32.0
2.1966 32.0
2.1994 32.0
2.1987 32.0
2.1929 32.0
2.1938 32.0
2.197 32.0
2.1975 32.0
2.1967 32.0
2.1983 32.0
2.188 32.0
2.1958 32.0
2.1969 32.0
2.1948 32.0
2.1994 32.0
2.1903 32.0
2.199 32.0
2.2008 32.0
2.1937 32.0
2.1944 32.0
2.1968 32.0
2.2008 32.0
2.1947 32.0
2.199 32.0
2.1995 32.0
2.1962 32.0
2.1981 32.0
2.1955 32.0
2.2002 32.0
2.192 32.0
2.1951 32.0
2.1973 32.0
2.202 32.0
2.1948 32.0
2.2003 32.0
2.1948 32.0
2.1913 32.0
2.1915 32.0
2.2019 32.0
2.2015 32.0
2.1994 32.0
2.1958 32.0
2.1947 32.0
2.1937 32.0
2.2024 32.0
2.1946 32.0
2.1949 32.0
2.1967 32.0
2.1947 32.0
2.1851 32.0
2.1944 32.0
2.2014 32.0
2.2023 32.0
2.1948 32.0
2.1951 32.0
2.2051 32.0
2.1941 32.0
2.1984 32.0
2.1973 32.0
2.1951 32.0
2.1899 32.0
2.1997 32.0
2.1977 32.0
2.1986 32.0
2.1985 32.0
2.2006 32.0
2.1936 32.0
2.1989 32.0
2.1915 32.0
2.1972 32.0
2.1922 32.0
2.1937 32.0
2.1967 32.0
2.1964 32.0
2.2032 32.0
2.1982 32.0
2.2011 32.0
2.2023 32.0
2.1893 32.0
2.1922 32.0
2.1962 32.0
2.1963 32.0
2.194 32.0
2.1985 32.0
2.1976 32.0
2.1944 32.0
2.1952 32.0
2.2033 32.0
2.2011 32.0
2.1909 32.0
2.2024 32.0
2.1898 32.0
2.1923 32.0
2.1959 32.0
2.1963 32.0
2.2036 32.0
2.1973 32.0
2.1969 32.0
2.1984 32.0
2.1989 32.0
2.1992 32.0
2.2028 32.0
2.1908 32.0
2.1943 32.0
2.1902 32.0
2.1971 32.0
2.1955 32.0
2.1947 32.0
2.1963 32.0
2.1982 32.0
2.1899 32.0
2.195 32.0
2.195 32.0
2.1932 32.0
2.2017 32.0
2.1988 32.0
2.1984 32.0
2.1997 32.0
2.198 32.0
2.1923 32.0
2.1924 32.0
2.2039 32.0
2.1968 32.0
2.1931 32.0
2.2024 32.0
2.1866 32.0
2.1911 32.0
2.2001 32.0
2.1985 32.0
2.1947 32.0
2.2036 32.0
2.1946 32.0
2.2017 32.0
2.2045 32.0
2.1959 32.0
2.1993 32.0
2.1961 32.0
2.1979 32.0
2.2 32.0
2.1922 32.0
2.1915 32.0
2.1938 32.0
2.2023 32.0
2.1983 32.0
2.1908 32.0
2.2011 32.0
2.1951 32.0
2.1945 32.0
2.1964 32.0
2.1935 32.0
2.196 32.0
2.1975 32.0
2.194 32.0
2.1922 32.0
2.1992 32.0
2.1989 32.0
2.1958 32.0
2.1963 32.0
2.1907 32.0
2.1971 32.0
2.1931 32.0
2.1972 32.0
2.1968 32.0
2.1924 32.0
2.1981 32.0
2.1899 32.0
2.1964 32.0
2.2006 32.0
2.1981 32.0
2.1978 32.0
2.1981 32.0
2.1928 32.0
2.1946 32.0
2.1966 32.0
2.1958 32.0
2.2022 32.0
2.1925 32.0
2.1877 32.0
2.1935 32.0
2.1967 32.0
2.1956 32.0
2.1915 32.0
2.1898 32.0
2.1966 32.0
2.1948 32.0
2.1955 32.0
2.1917 32.0
2.1958 32.0
2.1967 32.0
2.1934 32.0
2.1981 32.0
2.1979 32.0
2.1961 32.0
2.1947 32.0
2.1945 32.0
2.1948 32.0
2.1949 32.0
2.1983 32.0
2.1925 32.0
2.1992 32.0
2.1938 32.0
2.1968 32.0
2.1948 32.0
2.196 32.0
2.2012 32.0
2.2014 32.0
2.2012 32.0
2.1914 32.0
2.196 32.0
lhcb_gen_sim
Intel(R) Xeon(R) CPU E5-2630 v3 @ 2.40GHz
93.8025 32.0
90.1797 32.0
90.2955 32.0
90.1938 32.0
90.3351 32.0
90.2073 32.0
90.4324 32.0
90.4154 32.0
90.2739 32.0
90.3058 32.0
90.2306 32.0
90.3386 32.0
90.2895 32.0
90.3663 32.0
90.5017 32.0
90.4217 32.0
90.1933 32.0
90.276 32.0
90.3208 32.0
90.1752 32.0
90.3747 32.0
90.3007 32.0
90.3631 32.0
90.2909 32.0
90.3542 32.0
90.3929 32.0
90.274 32.0
90.154 32.0
90.0906 32.0
90.339 32.0
90.2995 32.0
90.2057 32.0
90.2921 32.0
90.233 32.0
90.2077 32.0
90.3836 32.0
90.3594 32.0
90.4461 32.0
90.0906 32.0
90.3442 32.0
90.2255 32.0
90.4336 32.0
90.3107 32.0
90.3799 32.0
90.3626 32.0
90.318 32.0
90.3392 32.0
90.2563 32.0
90.3773 32.0
90.2383 32.0
90.1814 32.0
90.2513 32.0
90.2658 32.0
90.181 32.0
90.4091 32.0
90.2646 32.0
90.3947 32.0
90.3992 32.0
90.2762 32.0
90.4445 32.0
90.3262 32.0
90.2791 32.0
90.385 32.0
90.3283 32.0
90.2328 32.0
90.3892 32.0
90.391 32.0
90.3661 32.0
90.3979 32.0
90.3074 32.0
90.316 32.0
90.0161 32.0
90.2343 32.0
90.25 32.0
90.3868 32.0
90.2024 32.0
90.1602 32.0
90.2732 32.0
90.4758 32.0
90.3961 32.0
90.2773 32.0
90.1423 32.0
90.3321 32.0
90.3306 32.0
90.2989 32.0
90.0929 32.0
90.275 32.0
90.2488 32.0
90.4988 32.0
90.4068 32.0
90.2151 32.0
90.249 32.0
90.1813 32.0
90.4028 32.0
90.41 32.0
90.2407 32.0
90.3216 32.0
90.3444 32.0
90.2222 32.0
90.1739 32.0
90.3416 32.0
90.3243 32.0
90.0757 32.0
90.2034 32.0
90.4288 32.0
90.2755 32.0
90.2441 32.0
90.2644 32.0
90.1601 32.0
90.3492 32.0
90.3426 32.0
90.376 32.0
90.2617 32.0
90.6107 32.0
90.4176 32.0
90.2476 32.0
90.3876 32.0
90.1666 32.0
90.4607 32.0
90.1826 32.0
90.3146 32.0
90.3852 32.0
90.3374 32.0
90.3379 32.0
90.3061 32.0
90.3231 32.0
90.177 32.0
90.2211 32.0
90.4864 32.0
90.2044 32.0
90.4114 32.0
90.25 32.0
90.3164 32.0
90.2899 32.0
90.0854 32.0
90.1257 32.0
90.2237 32.0
90.1671 32.0
90.0878 32.0
90.3749 32.0
90.2538 32.0
90.1683 32.0
90.2295 32.0
90.2738 32.0
90.1639 32.0
90.1851 32.0
90.232 32.0
90.3172 32.0
90.3587 32.0
90.2652 32.0
90.2511 32.0
90.1597 32.0
90.1728 32.0
90.378 32.0
90.3698 32.0
90.2292 32.0
90.2282 32.0
90.3741 32.0
90.2525 32.0
90.3384 32.0
90.3491 32.0
90.371 32.0
90.2661 32.0
90.2595 32.0
90.3325 32.0
90.3147 32.0
90.2568 32.0
90.4329 32.0
90.1098 32.0
90.2535 32.0
90.4226 32.0
90.3433 32.0
90.2378 32.0
90.2795 32.0
90.2735 32.0
90.3134 32.0
90.3024 32.0
90.0581 32.0
90.0653 32.0
90.1901 32.0
90.1756 32.0
90.4239 32.0
90.4297 32.0
90.1277 32.0
90.2404 32.0
90.1638 32.0
90.2001 32.0
90.0876 32.0
90.2665 32.0
90.1919 32.0
90.2656 32.0
90.3276 32.0
90.0929 32.0
90.2291 32.0
90.4478 32.0
90.2876 32.0
90.3328 32.0
90.2472 32.0
90.215 32.0
90.3019 32.0
90.169 32.0
90.3655 32.0
90.2469 32.0
90.1856 32.0
90.1881 32.0
90.3351 32.0
90.2011 32.0
90.2627 32.0
90.3995 32.0
90.2992 32.0
90.2316 32.0
90.3249 32.0
90.3429 32.0
90.3371 32.0
90.3953 32.0
90.3934 32.0
90.3891 32.0
90.4124 32.0
90.1138 32.0
90.2481 32.0
90.359 32.0
90.1828 32.0
90.3005 32.0
90.3917 32.0
90.1904 32.0
90.3213 32.0
90.1183 32.0
90.402 32.0
90.2606 32.0
90.4631 32.0
90.4323 32.0
90.3143 32.0
90.1894 32.0
90.3339 32.0
90.219 32.0
90.3707 32.0
90.2149 32.0
90.178 32.0
90.3388 32.0
90.2905 32.0
90.0736 32.0
90.199 32.0
90.2121 32.0
90.2246 32.0
90.4059 32.0
90.0874 32.0
90.4196 32.0
90.2051 32.0
belle2_gen_sim_reco
Intel(R) Xeon(R) CPU E5-2630 v3 @ 2.40GHz
5.435573206198285 32.0
5.446385365333445 32.0
5.44185308128699 32.0
5.441639045425431 32.0
5.433773061107185 32.0
5.4336502170951295 32.0
5.435405882837032 32.0
5.4485981791010865 32.0
5.438665820489876 32.0
5.4400347063179595 32.0
5.436413326398189 32.0
5.449575103783295 32.0
5.438283836381272 32.0
5.430653644316889 32.0
5.440219144879433 32.0
5.438331598876779 32.0
5.435039387271372 32.0
5.442945606721319 32.0
5.433982063055321 32.0
5.431717480940425 32.0
5.439478940441539 32.0
5.4355313273910895 32.0
5.433892323625755 32.0
5.447125326379619 32.0
5.424102812594055 32.0
5.433506140947133 32.0
5.433754934809877 32.0
5.4462844280466 32.0
5.439394628657367 32.0
5.430821957772651 32.0
5.441869522472543 32.0
5.447732070500479 32.0
5.451293356078456 32.0
5.433956417384838 32.0
5.436782037486832 32.0
5.442903320162695 32.0
5.443178974332023 32.0
5.441266119715321 32.0
5.425617926224446 32.0
5.432470065961141 32.0
5.4420485533069805 32.0
5.4486721149194 32.0
5.443713168929617 32.0
5.445217237774441 32.0
5.443652306497245 32.0
5.435675744292739 32.0
5.439834595995101 32.0
5.438003217908607 32.0
5.432844691085491 32.0
5.434070614050812 32.0
5.445368813504488 32.0
5.430528419595635 32.0
5.436436454949061 32.0
5.431661981378981 32.0
5.435759404513384 32.0
5.444826760917509 32.0
5.438569105222191 32.0
5.448232806998623 32.0
5.437035431458782 32.0
5.436334274612792 32.0
5.4332337348576045 32.0
5.455998194962809 32.0
5.441606823438587 32.0
5.437943158729289 32.0
5.4443745716411 32.0
5.4376689206874795 32.0
5.440927162165902 32.0
5.441972882779758 32.0
5.4248309752282955 32.0
5.438898315585913 32.0
5.439174872149509 32.0
5.4428486617503244 32.0
5.430067292423923 32.0
5.435919325107997 32.0
5.434706225799562 32.0
5.449011538368879 32.0
5.436623223922683 32.0
5.4313234170091444 32.0
5.439491694556472 32.0
5.439484246432324 32.0
5.446972710701205 32.0
5.438522284555665 32.0
5.442545492788717 32.0
5.430450016877819 32.0
5.429612576901906 32.0
5.437693531064477 32.0
5.433427490847489 32.0
5.435281030302007 32.0
5.443857416243194 32.0
5.429686585411271 32.0
5.443001217533281 32.0
5.435191397498171 32.0
5.437736768011799 32.0
5.439730022822467 32.0
5.442959990085952 32.0
5.441663402395069 32.0
5.443245197298988 32.0
5.439158648246734 32.0
5.4423248206732255 32.0
5.4405736692199635 32.0
5.440339579859472 32.0
5.441049636293494 32.0
5.437920285875009 32.0
5.4469131936944315 32.0
5.443273826887951 32.0
5.44023243214395 32.0
5.434419566848576 32.0
5.431305160430945 32.0
5.435929364682915 32.0
5.443619265762011 32.0
5.438562472341231 32.0
5.4405054162279525 32.0
5.436393710781718 32.0
5.444937431632812 32.0
5.438282436516603 32.0
5.436225670345097 32.0
5.433769199648155 32.0
5.430591029996347 32.0
5.441069444579379 32.0
5.446849347773835 32.0
5.431502505885012 32.0
5.441452780528981 32.0
5.443067540320413 32.0
5.4355251909237365 32.0
5.435079740049062 32.0
