hepscore
Intel(R) Xeon(R) CPU E5-2630 v3 @ 2.40GHz
359.2451 32.0
356.4639 32.0
355.6646 32.0
356.2744 32.0
355.6833 32.0
354.9282 32.0
356.159 32.0
354.6809 32.0
359.0763 32.0
355.9149 32.0
354.5754 32.0
355.4547 32.0
354.8344 32.0
355.2982 32.0
360.8878 32.0
359.7564 32.0
356.3275 32.0
354.6442 32.0
355.2366 32.0
297.4898 16.0
356.1557 32.0
296.1044 16.0
168.1974 8.0
91.9784 4.0
299.379 16.0
168.3123 8.0
91.379 4.0
298.7871 16.0
168.1898 8.0
298.1025 16.0
91.842 4.0
327.0637 24.0
168.172 8.0
329.2848 24.0
326.6012 24.0
324.9633 24.0
326.5031 24.0
325.9007 24.0
326.3472 24.0
325.3188 24.0
327.7382 24.0
325.2198 24.0
324.9487 24.0
325.1707 24.0
327.8648 24.0
325.5149 24.0
324.5981 24.0
326.1583 24.0
327.2902 24.0
325.4409 24.0
324.8956 24.0
326.1711 24.0
325.372 24.0
hs06
Intel(R) Xeon(R) CPU E5-2630 v3 @ 2.40GHz
406.717 32.0
406.596 32.0
406.512 32.0
407.909 32.0
406.767 32.0
407.168 32.0
408.611 32.0
408.035 32.0
407.896 32.0
407.704 32.0
407.501 32.0
408.365 32.0
407.343 32.0
407.524 32.0
407.703 32.0
407.2 32.0
407.058 32.0
407.881 32.0
408.404 32.0
407.278 32.0
408.016 32.0
336.288 16.0
198.632 8.0
115.411 4.0
338.347 16.0
199.243 8.0
114.48 4.0
337.255 16.0
199.619 8.0
335.987 16.0
115.002 4.0
378.987 24.0
198.885 8.0
377.542 24.0
376.367 24.0
376.378 24.0
375.972 24.0
376.208 24.0
377.32 24.0
377.613 24.0
380.938 24.0
377.233 24.0
379.743 24.0
376.194 24.0
377.316 24.0
377.599 24.0
379.736 24.0
375.978 24.0
379.323 24.0
377.133 24.0
375.616 24.0
378.687 24.0
379.978 24.0
